194
140
0
0
66
12
0
0
193
160
0
0
65
160
0
0
65
240
0
0
63
128
0
0
66
72
0
0
66
72
0
0
67
127
0
0
0
0
0
0
0
0
0
1
0
0
0
1
0
0
0
0
65
160
0
0
65
160
0
0
66
130
0
0
0
0
0
0
65
160
0
0
66
52
0
0
63
128
0
0
63
128
0
0
67
122
0
0
67
0
0
0
67
82
0
0
0
0
0
0
0
0
0
0
0
0
0
3
0
0
0
1
0
0
0
0
65
200
0
0
66
32
0
0
66
140
0
0
0
0
0
0
0
0
0
0
66
32
0
0
63
128
0
0
63
128
0
0
67
122
0
0
67
0
0
0
67
82
0
0
0
0
0
0
0
0
0
0
0
0
0
3
0
0
0
1
0
0
0
0
0
0
0
0
65
240
0
0
65
240
0
0
0
0
0
0
192
160
0
0
0
0
0
0
191
128
0
0
63
128
0
0
67
122
0
0
67
0
0
0
67
83
0
0
0
0
0
0
0
0
0
0
0
0
0
1
0
0
0
1
0
0
0
0
65
160
0
0
65
32
0
0
65
240
0
0
0
0
0
0
193
32
0
0
66
160
0
0
63
128
0
0
63
128
0
0
67
122
0
0
67
0
0
0
67
83
0
0
0
0
0
0
0
0
0
0
0
0
0
2
0
0
0
1
0
0
0
0
0
0
0
0
191
192
0
0
191
128
0
0
0
0
0
0
0
0
0
0
66
72
0
0
63
128
0
0
63
128
0
0
67
122
0
0
67
0
0
0
67
83
0
0
0
0
0
0
0
0
0
0
0
0
0
1
0
0
0
1
0
0
0
0
65
176
0
0
65
224
0
0
65
224
0
0
0
0
0
0
192
160
0
0
0
0
0
0
63
128
0
0
63
128
0
0
67
122
0
0
0
0
0
0
67
83
0
0
67
83
0
0
0
0
0
0
0
0
0
3
0
0
0
1
0
0
0
0
66
32
0
0
65
224
0
0
65
224
0
0
0
0
0
0
192
160
0
0
0
0
0
0
63
128
0
0
63
128
0
0
67
122
0
0
0
0
0
0
67
83
0
0
67
83
0
0
0
0
0
0
0
0
0
3
0
0
0
1
0
0
0
0
0
0
0
0
65
112
0
0
65
112
0
0
0
0
0
0
192
160
0
0
0
0
0
0
191
128
0
0
63
128
0
0
67
122
0
0
0
0
0
0
67
83
0
0
67
83
0
0
0
0
0
0
0
0
0
3
0
0
0
1
0
0
0
0
65
112
0
0
65
200
0
0
65
200
0
0
0
0
0
0
192
160
0
0
66
140
0
0
63
128
0
0
63
128
0
0
67
122
0
0
67
83
0
0
0
0
0
0
0
0
0
0
0
0
0
0
0
0
0
1
0
0
0
1
0
0
0
0
64
160
0
0
65
48
0
0
66
52
0
0
0
0
0
0
66
12
0
0
66
32
0
0
63
128
0
0
63
128
0
0
67
122
0
0
67
83
0
0
67
0
0
0
0
0
0
0
0
0
0
0
0
0
0
3
0
0
0
1
0
0
0
0
65
240
0
0
66
52
0
0
66
150
0
0
0
0
0
0
0
0
0
0
66
32
0
0
63
128
0
0
63
128
0
0
67
122
0
0
67
83
0
0
67
0
0
0
0
0
0
0
0
0
0
0
0
0
0
1
0
0
0
1
0
0
0
0
65
200
0
0
66
36
0
0
66
140
0
0
0
0
0
0
64
160
0
0
66
32
0
0
63
128
0
0
63
128
0
0
67
122
0
0
0
0
0
0
0
0
0
0
0
0
0
0
0
0
0
1
0
0
0
1
0
0
0
1
0
0
0
0
66
200
0
0
64
160
0
0
67
72
0
0
0
0
0
0
194
12
0
0
67
22
0
0
63
128
0
0
63
128
0
0
67
122
0
0
67
72
0
0
67
72
0
0
67
72
0
0
0
0
0
0
0
0
0
3
0
0
0
1
0
0
0
0
65
200
0
0
65
32
0
0
65
32
0
0
0
0
0
0
192
160
0
0
0
0
0
0
63
128
0
0
63
128
0
0
67
122
0
0
67
83
0
0
67
0
0
0
67
0
0
0
0
0
0
0
0
0
0
3
0
0
0
2
0
0
0
0
65
200
0
0
65
160
0
0
65
160
0
0
0
0
0
0
0
0
0
0
66
140
0
0
63
128
0
0
62
153
153
154
0
0
0
0
0
0
0
0
0
0
0
0
67
127
0
0
0
0
0
2
0
0
0
3
0
0
0
1
0
0
0
0
65
160
0
0
65
160
0
0
65
160
0
0
66
200
0
0
66
32
0
0
66
240
0
0
63
128
0
0
63
128
0
0
67
22
0
0
67
127
0
0
67
127
0
0
67
127
0
0
0
0
0
0
0
0
0
2
0
0
0
2
0
0
0
0
0
0
0
0
0
0
0
0
191
128
0
0
0
0
0
0
0
0
0
0
67
72
0
0
63
128
0
0
62
76
204
205
0
0
0
0
67
127
0
0
0
0
0
0
0
0
0
0
255
255
255
255
0
0
0
0
0
0
0
1
0
0
0
2
255
255
255
255
0
0
0
3
0
0
0
1
0
0
0
4
255
255
255
255
0
0
0
5
0
0
0
6
0
0
0
7
255
255
255
255
0
0
0
8
255
255
255
255
0
0
0
9
0
0
0
10
255
255
255
255
0
0
0
12
255
255
255
255
0
0
0
13
255
255
255
255
0
0
0
14
255
255
255
255
0
0
0
15
255
255
255
255
0
0
0
16
255
255
255
255
255
255
255
255
0
0
0
11
0
0
0
0
0
0
0
1
0
0
0
2
0
0
0
3
0
0
0
4
0
0
0
6
255
255
255
255
0
0
0
99
0
0
0
9
0
0
0
8
0
0
0
7
0
0
0
5
255
255
255
255
255
255
255
255
